1988	1.864297055638571E7
1989	1.1263871329920229E7
1990	1.172426586778952E7
1991	1.306922385515173E7
1992	9402960.863025468
1993	1.0353959855309162E7
1994	1.1350325049077941E7
1995	1.2286454103356835E7
1996	1.1945524161286663E7
1997	9549881.214776853
1998	1.0175610459598826E7
1999	9561516.927263891
2000	1.3547613067035558E7
2001	9942220.288239626
2002	1.2653310252481185E7
2003	1.3028917611334749E7
2004	1.5388487793083541E7
2005	1.8673099052178193E7
2006	2.1175872541099638E7
2007	2.3710673174875777E7
2008	3.3285215353921242E7
2009	2.5068409504465386E7
2010	2.6909386074333776E7
2011	3.355994350890797E7
2012	3.9028921881444596E7
2013	3.306115128882995E7
2014	4.612040441345007E7
2015	3.1115574884196E7
2016	2.941832757526777E7
